{
 "cells": [
  {
   "cell_type": "code",
   "execution_count": 1,
   "id": "36f5fa12",
   "metadata": {},
   "outputs": [],
   "source": [
    "import csv\n",
    "import random\n",
    "import math\n",
    "import numpy as np\n",
    "import pandas as pd\n",
    "\n",
    "from pandas import read_csv"
   ]
  },
  {
   "cell_type": "code",
   "execution_count": 18,
   "id": "9b031b9f",
   "metadata": {},
   "outputs": [
    {
     "name": "stdout",
     "output_type": "stream",
     "text": [
      "(31, 4)\n",
      "(31, 4)\n",
      "(31, 4)\n",
      "(31, 4)\n",
      "(31, 4)\n"
     ]
    }
   ],
   "source": [
    "f18 = read_csv(\"DemocracyFeb2018.csv\", index_col=0)\n",
    "f18tot = f18.iloc[1:,1]\n",
    "f18pos = f18.iloc[1:,2]\n",
    "f18neg = f18.iloc[1:,3]\n",
    "f19 = read_csv(\"DemocracyFeb2019.csv\", index_col=0)\n",
    "f19tot = f19.iloc[1:,1]\n",
    "f19pos = f19.iloc[1:,2]\n",
    "f19neg = f19.iloc[1:,3]\n",
    "f20 = read_csv(\"DemocracyFeb2020.csv\", index_col=0)\n",
    "f20tot = f20.iloc[2:,1]\n",
    "f20pos = f20.iloc[2:,2]\n",
    "f20neg = f20.iloc[2:,3]\n",
    "f21 = read_csv(\"DemocracyFeb2021.csv\", index_col=0)\n",
    "f21tot = f21.iloc[:,1]\n",
    "f21pos = f21.iloc[:,2]\n",
    "f21neg = f21.iloc[:,3]\n",
    "f22 = read_csv(\"DemocracyFeb2022.csv\", index_col=0)\n",
    "f22tot = f22.iloc[1:,1]\n",
    "f22pos = f22.iloc[1:,2]\n",
    "f22neg = f22.iloc[1:,3]\n",
    "\n",
    "m18 = read_csv(\"DemocracyMarch2018.csv\", index_col=0)\n",
    "print(m18.shape)\n",
    "m18tot = m18.iloc[:,1]\n",
    "m18pos = m18.iloc[:,2]\n",
    "m18neg = m18.iloc[:,3]\n",
    "m19 = read_csv(\"DemocracyMarch2019.csv\", index_col=0)\n",
    "print(m19.shape)\n",
    "m19tot = m19.iloc[:,1]\n",
    "m19pos = m19.iloc[:,2]\n",
    "m19neg = m19.iloc[:,3]\n",
    "m20 = read_csv(\"DemocracyMarch2020.csv\", index_col=0)\n",
    "print(m20.shape)\n",
    "m20tot = m20.iloc[:,1]\n",
    "m20pos = m20.iloc[:,2]\n",
    "m20neg = m20.iloc[:,3]\n",
    "m21 = read_csv(\"DemocracyMarch2021.csv\", index_col=0)\n",
    "print(m21.shape)\n",
    "m21tot = m21.iloc[:,1]\n",
    "m21pos = m21.iloc[:,2]\n",
    "m21neg = m21.iloc[:,3]\n",
    "m22 = read_csv(\"DemocracyMarch2022.csv\", index_col=0)\n",
    "print(m22.shape)\n",
    "m22tot = m22.iloc[:,1]\n",
    "m22pos = m22.iloc[:,2]\n",
    "m22neg = m22.iloc[:,3]"
   ]
  },
  {
   "cell_type": "code",
   "execution_count": 26,
   "id": "b5d8b8da",
   "metadata": {},
   "outputs": [
    {
     "name": "stdout",
     "output_type": "stream",
     "text": [
      "FEBRUARY\n",
      "Totals:\n",
      "[[1.         0.22533455 0.16908162 0.06097507 0.03899181]\n",
      " [0.22533455 1.         0.11624394 0.0958885  0.3831999 ]\n",
      " [0.16908162 0.11624394 1.         0.38153203 0.23483536]\n",
      " [0.06097507 0.0958885  0.38153203 1.         0.30645536]\n",
      " [0.03899181 0.3831999  0.23483536 0.30645536 1.        ]]\n",
      "Positives: \n",
      "[[1.         0.25233103 0.17426943 0.11043279 0.1108268 ]\n",
      " [0.25233103 1.         0.21742536 0.08776487 0.07352754]\n",
      " [0.17426943 0.21742536 1.         0.24188112 0.16207258]\n",
      " [0.11043279 0.08776487 0.24188112 1.         0.07219655]\n",
      " [0.1108268  0.07352754 0.16207258 0.07219655 1.        ]]\n",
      "Negatives: \n",
      "[[1.         0.18914532 0.05874983 0.11464815 0.0780033 ]\n",
      " [0.18914532 1.         0.21742536 0.08776487 0.07352754]\n",
      " [0.05874983 0.21742536 1.         0.24188112 0.16207258]\n",
      " [0.11464815 0.08776487 0.24188112 1.         0.07219655]\n",
      " [0.0780033  0.07352754 0.16207258 0.07219655 1.        ]]\n",
      " \n",
      " \n",
      "Total Averages\n",
      "[[0.29887661 0.36413338 0.38033859 0.36897019 0.39269649]]\n",
      " \n",
      "Positive Averages\n",
      "[[0.32957201 0.32620976 0.3591297  0.30245506 0.28372469]]\n",
      " \n",
      "Positive Averages\n",
      "[[0.28810932 0.31357262 0.33602578 0.30329814 0.27715999]]\n"
     ]
    }
   ],
   "source": [
    "febTots = {0:f18tot, 1:f19tot, 2:f20tot, 3:f21tot, 4:f22tot}\n",
    "febPos = {0:f18pos, 1:f19pos, 2:f20pos, 3:f21pos, 4:f22pos}\n",
    "febNeg = {0:f18neg, 1:f19neg, 2:f20neg, 3:f21neg, 4:f22neg}\n",
    "\n",
    "febCorrTots = np.ones((5,5))\n",
    "for i in range(5):\n",
    "    for j in range(5):\n",
    "        a = febTots[i]\n",
    "        b = febTots[j]\n",
    "        febCorrTots[i,j] = abs((np.corrcoef(a, b))[1,0])\n",
    "        \n",
    "print(\"FEBRUARY\")\n",
    "print(\"Totals:\")        \n",
    "print(febCorrTots)\n",
    "\n",
    "\n",
    "febCorrPos = np.ones((5,5))\n",
    "for i in range(5):\n",
    "    for j in range(5):\n",
    "        a = febPos[i]\n",
    "        b = febPos[j]\n",
    "        febCorrPos[i,j] = abs((np.corrcoef(a, b))[1,0])\n",
    "\n",
    "print(\"Positives: \")\n",
    "print(febCorrPos)\n",
    "\n",
    "\n",
    "febCorrNeg = np.ones((5,5))\n",
    "for i in range(5):\n",
    "    for j in range(5):\n",
    "        a = febNeg[i]\n",
    "        b = febNeg[j]\n",
    "        febCorrNeg[i,j] = abs((np.corrcoef(a, b))[1,0])\n",
    "\n",
    "print(\"Negatives: \")        \n",
    "print(febCorrNeg)\n",
    "print(\" \")\n",
    "print(\" \")\n",
    "avgCorrTots = np.ones((1,5))\n",
    "for i in range(5):\n",
    "    sum = 0\n",
    "    for j in range(5):\n",
    "        sum += febCorrTots[i, j]\n",
    "    avgCorrTots[0,i] = sum / 5\n",
    "    \n",
    "print(\"Total Averages\")    \n",
    "print(avgCorrTots)\n",
    "print(\" \")\n",
    "\n",
    "avgCorrTots = np.ones((1,5))\n",
    "for i in range(5):\n",
    "    sum = 0\n",
    "    for j in range(5):\n",
    "        sum += febCorrPos[i, j]\n",
    "    avgCorrTots[0,i] = sum / 5\n",
    "    \n",
    "print(\"Positive Averages\")    \n",
    "print(avgCorrTots)\n",
    "print(\" \")\n",
    "\n",
    "avgCorrTots = np.ones((1,5))\n",
    "for i in range(5):\n",
    "    sum = 0\n",
    "    for j in range(5):\n",
    "        sum += febCorrNeg[i, j]\n",
    "    avgCorrTots[0,i] = sum / 5\n",
    "    \n",
    "print(\"Positive Averages\")    \n",
    "print(avgCorrTots)"
   ]
  },
  {
   "cell_type": "code",
   "execution_count": 28,
   "id": "057702d5",
   "metadata": {},
   "outputs": [
    {
     "name": "stdout",
     "output_type": "stream",
     "text": [
      "MARCH\n",
      "Totals:\n",
      "[[1.         0.05325158 0.07595482 0.09022659 0.13439658]\n",
      " [0.05325158 1.         0.43536688 0.18993099 0.29187471]\n",
      " [0.07595482 0.43536688 1.         0.2383682  0.04904017]\n",
      " [0.09022659 0.18993099 0.2383682  1.         0.22577531]\n",
      " [0.13439658 0.29187471 0.04904017 0.22577531 1.        ]]\n",
      "Positives: \n",
      "[[1.         0.16432366 0.03323714 0.05008119 0.01667178]\n",
      " [0.16432366 1.         0.07518646 0.04002844 0.26933002]\n",
      " [0.03323714 0.07518646 1.         0.13571556 0.03322068]\n",
      " [0.05008119 0.04002844 0.13571556 1.         0.0893605 ]\n",
      " [0.01667178 0.26933002 0.03322068 0.0893605  1.        ]]\n",
      "Negatives: \n",
      "[[1.         0.10384811 0.24184245 0.18754881 0.10837899]\n",
      " [0.10384811 1.         0.07518646 0.31416093 0.26933002]\n",
      " [0.24184245 0.07518646 1.         0.09550872 0.03322068]\n",
      " [0.18754881 0.31416093 0.09550872 1.         0.05776274]\n",
      " [0.10837899 0.26933002 0.03322068 0.05776274 1.        ]]\n",
      " \n",
      " \n",
      "Total Averages\n",
      "[[0.27076592 0.39408483 0.35974601 0.34886022 0.34021735]]\n",
      " \n",
      "Positive Averages\n",
      "[[0.25286275 0.30977372 0.25547197 0.26303714 0.2817166 ]]\n",
      " \n",
      "Positive Averages\n",
      "[[0.32832367 0.3525051  0.28915166 0.33099624 0.29373849]]\n"
     ]
    }
   ],
   "source": [
    "marTots = {0:m18tot, 1:m19tot, 2:m20tot, 3:m21tot, 4:m22tot}\n",
    "marPos = {0:m18pos, 1:m19pos, 2:m20pos, 3:m21pos, 4:m22pos}\n",
    "marNeg = {0:m18neg, 1:m19neg, 2:m20neg, 3:m21neg, 4:m22neg}\n",
    "print(\"MARCH\")\n",
    "marCorrTots = np.ones((5,5))\n",
    "for i in range(5):\n",
    "    for j in range(5):\n",
    "        a = marTots[i]\n",
    "        b = marTots[j]\n",
    "        marCorrTots[i,j] = abs((np.corrcoef(a, b))[1,0])\n",
    "print(\"Totals:\")        \n",
    "print(marCorrTots)\n",
    "\n",
    "\n",
    "marCorrPos = np.ones((5,5))\n",
    "for i in range(5):\n",
    "    for j in range(5):\n",
    "        a = marPos[i]\n",
    "        b = marPos[j]\n",
    "        marCorrPos[i,j] = abs((np.corrcoef(a, b))[1,0])\n",
    "\n",
    "print(\"Positives: \")\n",
    "print(marCorrPos)\n",
    "\n",
    "\n",
    "marCorrNeg = np.ones((5,5))\n",
    "for i in range(5):\n",
    "    for j in range(5):\n",
    "        a = marNeg[i]\n",
    "        b = marNeg[j]\n",
    "        marCorrNeg[i,j] = abs((np.corrcoef(a, b))[1,0])\n",
    "\n",
    "print(\"Negatives: \")        \n",
    "print(marCorrNeg)\n",
    "\n",
    "print(\" \")\n",
    "print(\" \")\n",
    "avgCorrTots = np.ones((1,5))\n",
    "for i in range(5):\n",
    "    sum = 0\n",
    "    for j in range(5):\n",
    "        sum += marCorrTots[i, j]\n",
    "    avgCorrTots[0,i] = sum / 5\n",
    "    \n",
    "print(\"Total Averages\")    \n",
    "print(avgCorrTots)\n",
    "print(\" \")\n",
    "\n",
    "avgCorrTots = np.ones((1,5))\n",
    "for i in range(5):\n",
    "    sum = 0\n",
    "    for j in range(5):\n",
    "        sum += marCorrPos[i, j]\n",
    "    avgCorrTots[0,i] = sum / 5\n",
    "    \n",
    "print(\"Positive Averages\")    \n",
    "print(avgCorrTots)\n",
    "print(\" \")\n",
    "\n",
    "avgCorrTots = np.ones((1,5))\n",
    "for i in range(5):\n",
    "    sum = 0\n",
    "    for j in range(5):\n",
    "        sum += marCorrNeg[i, j]\n",
    "    avgCorrTots[0,i] = sum / 5\n",
    "    \n",
    "print(\"Positive Averages\")    \n",
    "print(avgCorrTots)"
   ]
  },
  {
   "cell_type": "code",
   "execution_count": null,
   "id": "f52143e2",
   "metadata": {},
   "outputs": [],
   "source": []
  }
 ],
 "metadata": {
  "kernelspec": {
   "display_name": "Python 3 (ipykernel)",
   "language": "python",
   "name": "python3"
  },
  "language_info": {
   "codemirror_mode": {
    "name": "ipython",
    "version": 3
   },
   "file_extension": ".py",
   "mimetype": "text/x-python",
   "name": "python",
   "nbconvert_exporter": "python",
   "pygments_lexer": "ipython3",
   "version": "3.9.7"
  }
 },
 "nbformat": 4,
 "nbformat_minor": 5
}
