{
 "cells": [
  {
   "cell_type": "code",
   "execution_count": 6,
   "id": "246f6f4f",
   "metadata": {},
   "outputs": [
    {
     "name": "stderr",
     "output_type": "stream",
     "text": [
      "[nltk_data] Downloading package vader_lexicon to /home/jupyter-\n",
      "[nltk_data]     wjudy/nltk_data...\n"
     ]
    }
   ],
   "source": [
    "import snscrape.modules.twitter as sntwitter\n",
    "import pandas as pd\n",
    "import os\n",
    "import numpy as np\n",
    "import matplotlib.pyplot as plt\n",
    "\n",
    "import nltk\n",
    "nltk.download('vader_lexicon')\n",
    "\n",
    "from nltk.sentiment.vader import SentimentIntensityAnalyzer\n",
    "\n"
   ]
  },
  {
   "cell_type": "code",
   "execution_count": 30,
   "id": "7831bd28",
   "metadata": {},
   "outputs": [
    {
     "name": "stdout",
     "output_type": "stream",
     "text": [
      "{'neg': 0.059, 'neu': 0.941, 'pos': 0.0, 'compound': -0.2924}\n",
      "{'neg': 0.2, 'neu': 0.8, 'pos': 0.0, 'compound': -0.3612}\n",
      "{'neg': 0.0, 'neu': 0.737, 'pos': 0.263, 'compound': 0.3612}\n",
      "{'neg': 0.0, 'neu': 1.0, 'pos': 0.0, 'compound': 0.0}\n",
      "{'neg': 0.145, 'neu': 0.763, 'pos': 0.092, 'compound': -0.3182}\n",
      "{'neg': 0.193, 'neu': 0.807, 'pos': 0.0, 'compound': -0.4767}\n",
      "{'neg': 0.0, 'neu': 1.0, 'pos': 0.0, 'compound': 0.0}\n",
      "{'neg': 0.0, 'neu': 0.794, 'pos': 0.206, 'compound': 0.3818}\n",
      "{'neg': 0.0, 'neu': 1.0, 'pos': 0.0, 'compound': 0.0}\n",
      "{'neg': 0.0, 'neu': 0.903, 'pos': 0.097, 'compound': 0.5792}\n",
      "{'neg': 0.138, 'neu': 0.805, 'pos': 0.057, 'compound': -0.5423}\n",
      "{'neg': 0.205, 'neu': 0.795, 'pos': 0.0, 'compound': -0.4767}\n",
      "{'neg': 0.066, 'neu': 0.934, 'pos': 0.0, 'compound': -0.3818}\n",
      "{'neg': 0.191, 'neu': 0.809, 'pos': 0.0, 'compound': -0.7096}\n",
      "{'neg': 0.08, 'neu': 0.62, 'pos': 0.3, 'compound': 0.8176}\n",
      "{'neg': 0.097, 'neu': 0.68, 'pos': 0.223, 'compound': 0.7345}\n",
      "{'neg': 0.191, 'neu': 0.722, 'pos': 0.087, 'compound': -0.4404}\n",
      "{'neg': 0.193, 'neu': 0.807, 'pos': 0.0, 'compound': -0.4767}\n",
      "{'neg': 0.295, 'neu': 0.705, 'pos': 0.0, 'compound': -0.7712}\n",
      "{'neg': 0.223, 'neu': 0.777, 'pos': 0.0, 'compound': -0.6818}\n",
      "{'neg': 0.0, 'neu': 0.797, 'pos': 0.203, 'compound': 0.7841}\n",
      "{'neg': 0.0, 'neu': 0.751, 'pos': 0.249, 'compound': 0.743}\n",
      "{'neg': 0.053, 'neu': 0.866, 'pos': 0.08, 'compound': 0.0258}\n",
      "{'neg': 0.205, 'neu': 0.795, 'pos': 0.0, 'compound': -0.4767}\n",
      "{'neg': 0.0, 'neu': 0.822, 'pos': 0.178, 'compound': 0.3818}\n",
      "{'neg': 0.136, 'neu': 0.753, 'pos': 0.111, 'compound': 0.1875}\n",
      "{'neg': 0.353, 'neu': 0.647, 'pos': 0.0, 'compound': -0.7184}\n",
      "{'neg': 0.0, 'neu': 1.0, 'pos': 0.0, 'compound': 0.0}\n",
      "{'neg': 0.147, 'neu': 0.853, 'pos': 0.0, 'compound': -0.4767}\n",
      "{'neg': 0.281, 'neu': 0.719, 'pos': 0.0, 'compound': -0.6908}\n",
      "{'neg': 0.187, 'neu': 0.719, 'pos': 0.094, 'compound': -0.627}\n",
      "{'neg': 0.0, 'neu': 1.0, 'pos': 0.0, 'compound': 0.0}\n",
      "{'neg': 0.06, 'neu': 0.777, 'pos': 0.163, 'compound': 0.6124}\n",
      "{'neg': 0.0, 'neu': 1.0, 'pos': 0.0, 'compound': 0.0}\n",
      "{'neg': 0.139, 'neu': 0.606, 'pos': 0.255, 'compound': 0.4404}\n",
      "{'neg': 0.066, 'neu': 0.767, 'pos': 0.167, 'compound': 0.6739}\n",
      "{'neg': 0.125, 'neu': 0.875, 'pos': 0.0, 'compound': -0.7534}\n",
      "{'neg': 0.074, 'neu': 0.69, 'pos': 0.236, 'compound': 0.7783}\n",
      "{'neg': 0.084, 'neu': 0.679, 'pos': 0.237, 'compound': 0.8302}\n",
      "{'neg': 0.12, 'neu': 0.798, 'pos': 0.082, 'compound': -0.128}\n",
      "{'neg': 0.242, 'neu': 0.758, 'pos': 0.0, 'compound': -0.8083}\n",
      "{'neg': 0.0, 'neu': 1.0, 'pos': 0.0, 'compound': 0.0}\n",
      "{'neg': 0.118, 'neu': 0.758, 'pos': 0.123, 'compound': 0.0258}\n",
      "{'neg': 0.0, 'neu': 1.0, 'pos': 0.0, 'compound': 0.0}\n",
      "{'neg': 0.0, 'neu': 0.837, 'pos': 0.163, 'compound': 0.5106}\n",
      "{'neg': 0.192, 'neu': 0.808, 'pos': 0.0, 'compound': -0.2263}\n",
      "{'neg': 0.0, 'neu': 1.0, 'pos': 0.0, 'compound': 0.0}\n",
      "{'neg': 0.205, 'neu': 0.542, 'pos': 0.253, 'compound': 0.2023}\n",
      "{'neg': 0.0, 'neu': 1.0, 'pos': 0.0, 'compound': 0.0}\n",
      "{'neg': 0.0, 'neu': 1.0, 'pos': 0.0, 'compound': 0.0}\n",
      "      neg    neu    pos  compound\n",
      "0   0.059  0.941  0.000   -0.2924\n",
      "1   0.200  0.800  0.000   -0.3612\n",
      "2   0.000  0.737  0.263    0.3612\n",
      "3   0.000  1.000  0.000    0.0000\n",
      "4   0.145  0.763  0.092   -0.3182\n",
      "5   0.193  0.807  0.000   -0.4767\n",
      "6   0.000  1.000  0.000    0.0000\n",
      "7   0.000  0.794  0.206    0.3818\n",
      "8   0.000  1.000  0.000    0.0000\n",
      "9   0.000  0.903  0.097    0.5792\n",
      "10  0.138  0.805  0.057   -0.5423\n",
      "11  0.205  0.795  0.000   -0.4767\n",
      "12  0.066  0.934  0.000   -0.3818\n",
      "13  0.191  0.809  0.000   -0.7096\n",
      "14  0.080  0.620  0.300    0.8176\n",
      "15  0.097  0.680  0.223    0.7345\n",
      "16  0.191  0.722  0.087   -0.4404\n",
      "17  0.193  0.807  0.000   -0.4767\n",
      "18  0.295  0.705  0.000   -0.7712\n",
      "19  0.223  0.777  0.000   -0.6818\n",
      "20  0.000  0.797  0.203    0.7841\n",
      "21  0.000  0.751  0.249    0.7430\n",
      "22  0.053  0.866  0.080    0.0258\n",
      "23  0.205  0.795  0.000   -0.4767\n",
      "24  0.000  0.822  0.178    0.3818\n",
      "25  0.136  0.753  0.111    0.1875\n",
      "26  0.353  0.647  0.000   -0.7184\n",
      "27  0.000  1.000  0.000    0.0000\n",
      "28  0.147  0.853  0.000   -0.4767\n",
      "29  0.281  0.719  0.000   -0.6908\n",
      "30  0.187  0.719  0.094   -0.6270\n",
      "31  0.000  1.000  0.000    0.0000\n",
      "32  0.060  0.777  0.163    0.6124\n",
      "33  0.000  1.000  0.000    0.0000\n",
      "34  0.139  0.606  0.255    0.4404\n",
      "35  0.066  0.767  0.167    0.6739\n",
      "36  0.125  0.875  0.000   -0.7534\n",
      "37  0.074  0.690  0.236    0.7783\n",
      "38  0.084  0.679  0.237    0.8302\n",
      "39  0.120  0.798  0.082   -0.1280\n",
      "40  0.242  0.758  0.000   -0.8083\n",
      "41  0.000  1.000  0.000    0.0000\n",
      "42  0.118  0.758  0.123    0.0258\n",
      "43  0.000  1.000  0.000    0.0000\n",
      "44  0.000  0.837  0.163    0.5106\n",
      "45  0.192  0.808  0.000   -0.2263\n",
      "46  0.000  1.000  0.000    0.0000\n",
      "47  0.205  0.542  0.253    0.2023\n",
      "48  0.000  1.000  0.000    0.0000\n",
      "49  0.000  1.000  0.000    0.0000\n"
     ]
    }
   ],
   "source": [
    "sid = SentimentIntensityAnalyzer()\n",
    "counter = 0\n",
    "\n",
    "overallScoreList = []\n",
    "negList = []\n",
    "neuList = []\n",
    "posList = []\n",
    "\n",
    "columns = ['neg', 'neu', 'pos', 'compound']\n",
    "\n",
    "\n",
    "for i, tweet in enumerate(sntwitter.TwitterSearchScraper('Democracy since:2019-03-01 until:2019-03-02').get_items()):\n",
    "        if counter == 50:\n",
    "            break\n",
    "        if not tweet.inReplyToUser and not (\"@\" in str(tweet.content)) and str(tweet.lang) == 'en':\n",
    "            counter += 1\n",
    "            stringa = str(tweet.content)\n",
    "            sentDict = sid.polarity_scores(stringa)\n",
    "            \n",
    "            print(sentDict)\n",
    "            overallScoreList.append(sentDict['compound'])\n",
    "            negList.append(sentDict['neg'])\n",
    "            neuList.append(sentDict['neu'])\n",
    "            posList.append(sentDict['pos'])\n",
    "\n",
    "            \n",
    "dfTransfer = {'neg': negList, 'neu':neuList, 'pos':posList, 'compound':overallScoreList}\n",
    "\n",
    "df = pd.DataFrame(dfTransfer)\n",
    "\n",
    "print(df)\n",
    "\n",
    "\n"
   ]
  },
  {
   "cell_type": "code",
   "execution_count": null,
   "id": "28ab6058",
   "metadata": {},
   "outputs": [],
   "source": []
  }
 ],
 "metadata": {
  "kernelspec": {
   "display_name": "Python 3 (ipykernel)",
   "language": "python",
   "name": "python3"
  },
  "language_info": {
   "codemirror_mode": {
    "name": "ipython",
    "version": 3
   },
   "file_extension": ".py",
   "mimetype": "text/x-python",
   "name": "python",
   "nbconvert_exporter": "python",
   "pygments_lexer": "ipython3",
   "version": "3.9.7"
  }
 },
 "nbformat": 4,
 "nbformat_minor": 5
}
